0	1	0	0
1	2	0	0
1	3	65	913	0.0233661775
1	4	66	924	4.05467939
1	4	66	914	0.0473461188
1	4	66	928	4.05467939
1	4	66	921	4.46014452
1	5	67	927	0.693147182
1	5	67	922	0.693147182
1	6	68	938	3.45985937
1	6	68	916	0.103397809
1	6	68	921	5.13383579
1	6	68	932	4.28653765
1	6	68	925	4.15300655
1	6	68	927	4.62301016
1	6	68	929	5.13383579
1	7	69	929	4.95656824
1	7	69	917	0.039279975
1	7	69	921	4.68213129
1	8	70	929	4.57471085
1	8	70	913	4.57471085
1	8	70	934	0.0973741636
1	8	70	933	2.86996293
1	8	70	917	4.16924572
1	9	71	919	5.09375
1	9	71	915	0.0269446354
1	9	71	913	5.09375
1	9	71	917	5.09375
1	10	72	920	1.93198884
1	10	72	919	0.414854854
1	10	72	927	4.85515022
1	10	72	917	2.85367036
1	10	72	913	2.82700205
1	10	72	937	4.26736355
1	10	72	929	5.0782938
1	10	72	935	3.89963889
1	10	72	931	5.0782938
1	10	72	933	5.0782938
1	11	73	939	4.94811487
1	11	73	921	0.20516105
1	11	73	919	2.02300024
1	11	73	933	4.14733696
1	12	74	926
1	13	75	913	4.99140406
1	13	75	917	4.85787249
1	14	75	0	4.02706718
1	13	75	922	0.065185979
1	13	75	921	4.85787249
1	13	75	926	3.67921758
1	15	76	923	0.0282561686
1	15	76	927	5.12098312
1	16	77	924	0.0253672134
1	16	77	913	4.54715586
1	16	77	917	4.86560965
1	17	78	913	5.03839445
1	17	78	919	4.93303394
1	17	78	925	0.0344482586
1	17	78	927	4.93303394
1	18	79	927	0.0933106095
1	18	79	937	2.77415991
1	19	80	936	4.03466177
1	19	80	928	0.0607825965
1	20	80	0	4.28980684
1	19	80	917	3.90113068
1	19	80	913	4.99974298
1	21	82	932	4.75932074
1	21	82	937	5.01063538
1	21	82	917	4.12333202
1	21	82	929	0.0608627461
1	22	83	936	4.51906729
1	22	83	937	5.11690426
1	22	83	921	4.87574244
1	22	83	917	4.37930536
1	22	83	913	4.51906729
1	22	83	926	4.21896267
1	22	83	931	0.0775933936
1	23	84	0	2.74543762
1	24	84	917	5.20799494
1	24	84	920	3.03117895
1	24	84	932	0.0965547338
1	24	84	929	5.04094076
1	24	84	913	4.71551847
1	25	85	924	5.18598795
1	25	85	927	4.7805233
1	25	85	933	0.0283706971
1	26	86	937	2.59738469
1	26	86	933	1.97834539
1	26	86	921	3.85014749
1	26	86	925	2.75153542
1	26	86	913	3.4446826
1	26	86	914	0.400160044
1	27	87	937	0.0283706971
1	27	87	931	5.25052691
1	27	87	927	5.25052691
1	27	87	928	4.96284485
1	28	88	913	4.74202919
1	28	88	926	3.27569222
1	28	88	921	5.14749432
1	28	88	925	4.74202919
1	28	88	935	0.0629893318
1	29	89	915	5.02716446
1	29	89	922	5.02716446
1	29	89	936	4.62169933
1	29	89	932	5.02716446
1	29	89	916	5.02716446
1	29	89	931	5.02716446
1	29	89	933	0.0538850874
1	29	89	925	4.62169933
1	30	90	927	4.06044292
1	30	90	918	0.0173917431
2	31	65	65	8
2	32	66	66	8
2	33	67	67	8
2	34	68	68	8
2	35	69	69	8
2	36	70	70	8
2	37	71	71	8
2	38	72	72	8
2	39	73	73	8
2	40	74	74	8
2	41	75	75	8
2	42	76	76	8
2	43	77	77	8
2	44	78	78	8
2	45	79	79	8
2	46	80	80	8
2	47	81	81	8
2	48	82	82	8
2	49	83	83	8
2	50	84	84	8
2	51	85	85	8
2	52	86	86	8
2	53	87	87	8
2	54	88	88	8
2	55	89	89	8
2	56	90	90	8
3	-1
4	-1
5	-1
6	-1
7	-1
8	-1
9	-1
10	-1
11	-1
12	-1
13	-1
14	57	83	926
15	-1
16	-1
17	-1
18	-1
19	-1
20	58	83	936
21	-1
22	-1
23	59	72	920
24	-1
25	-1
26	-1
27	-1
28	-1
29	-1
30	-1
31
32
33
34
35
36
37
38
39
40
41
42
43
44
45
46
47
48
49
50
51
52
53
54
55
56
57	-1
58	-1
59	-1
