0	1	0	0
0	2	0	0
0	3	0	0
0	4	0	0
0	5	0	0
0	6	0	0
0	7	0	0
0	8	0	0
0	9	0	0
0	10	0	0
0	11	0	0
0	12	0	0
0	13	0	0
1	14	0	0
2	15	0	0
3	16	0	0
4	17	0	0
5	18	0	0
6	19	0	0
7	20	0	0
8	21	0	0
9	22	0	0
10	23	0	0
11	24	0	0
12	25	0	0
13	26	0	0
14	27	0	0
14	28	73	939	4.94811487
14	28	73	921	0.20516105
14	28	73	919	2.02300024
14	28	73	933	4.14733696
15	29	0	0
15	30	79	927	0.0933106095
15	30	79	937	2.77415991
16	31	0	0
16	32	79	927	0.0933106095
16	32	79	937	2.77415991
17	33	0	0
17	34	73	939	4.94811487
17	34	73	921	0.20516105
17	34	73	919	2.02300024
17	34	73	933	4.14733696
18	35	0	0
18	36	72	920	1.93198884
18	36	72	919	0.414854854
18	36	72	927	4.85515022
18	36	72	917	2.85367036
18	36	72	913	2.82700205
18	36	72	937	4.26736355
18	36	72	929	5.0782938
18	36	72	935	3.89963889
18	36	72	931	5.0782938
18	36	72	933	5.0782938
19	37	0	0
19	38	72	920	1.93198884
19	38	72	919	0.414854854
19	38	72	927	4.85515022
19	38	72	917	2.85367036
19	38	72	913	2.82700205
19	38	72	937	4.26736355
19	38	72	929	5.0782938
19	38	72	935	3.89963889
19	38	72	931	5.0782938
19	38	72	933	5.0782938
20	39	0	0
20	40	72	920	1.93198884
20	40	72	919	0.414854854
20	40	72	927	4.85515022
20	40	72	917	2.85367036
20	40	72	913	2.82700205
20	40	72	937	4.26736355
20	40	72	929	5.0782938
20	40	72	935	3.89963889
20	40	72	931	5.0782938
20	40	72	933	5.0782938
21	41	0	0
21	42	72	920	1.93198884
21	42	72	919	0.414854854
21	42	72	927	4.85515022
21	42	72	917	2.85367036
21	42	72	913	2.82700205
21	42	72	937	4.26736355
21	42	72	929	5.0782938
21	42	72	935	3.89963889
21	42	72	931	5.0782938
21	42	72	933	5.0782938
22	43	0	0
22	44	79	927	0.0933106095
22	44	79	937	2.77415991
23	45	0	0
23	46	79	927	0.0933106095
23	46	79	937	2.77415991
24	47	0	0
24	48	72	920	1.93198884
24	48	72	919	0.414854854
24	48	72	927	4.85515022
24	48	72	917	2.85367036
24	48	72	913	2.82700205
24	48	72	937	4.26736355
24	48	72	929	5.0782938
24	48	72	935	3.89963889
24	48	72	931	5.0782938
24	48	72	933	5.0782938
25	49	0	0
25	50	79	927	0.0933106095
25	50	79	937	2.77415991
26	51	0	0
26	52	79	927	0.0933106095
26	52	79	937	2.77415991
27	53	73	73	8
28	54	0	0
29	55	79	79	8
30	56	0	0
31	57	79	79	8
32	56	0	0
33	58	73	73	8
34	54	0	0
35	59	72	72	8
36	60	0	0
37	61	72	72	8
38	60	0	0
39	62	72	72	8
40	60	0	0
41	63	72	72	8
42	60	0	0
43	64	79	79	8
44	56	0	0
45	65	79	79	8
46	56	0	0
47	66	72	72	8
48	60	0	0
49	67	79	79	8
50	56	0	0
51	68	79	79	8
52	56	0	0
53	69	0	0
54	-1
55	70	0	0
56	-1
57	70	0	0
58	69	0	0
59	71	0	0
60	-1
61	71	0	0
62	71	0	0
63	71	0	0
64	70	0	0
65	70	0	0
66	71	0	0
67	70	0	0
68	70	0	0
69
70
71
